NOME_i-5-eil76.tsp.txt
TYPE_PCVPB
COMMENT_http://www.iwr.uni-heidelberg.de/groups/comopt/software/TSPLIB95/
DIMENSION_76
EDGE_WEIGHT_TYPE_EUC_2D
n: 76 
|P|: 22
Q: 7
L: 133
vertice_x_y_cor
1 22 22 1 
2 36 26 1 
3 21 45 1 
4 45 35 1 
5 55 20 1 
6 33 34 1 
7 50 50 1 
8 55 45 1 
9 26 59 1 
10 40 66 1 
11 55 65 1 
12 35 51 1 
13 62 35 1 
14 62 57 1 
15 62 24 1 
16 21 36 1 
17 33 44 1 
18 9 56 1 
19 62 48 1 
20 66 14 1 
21 44 13 1 
22 26 13 1 
23 11 28 0 
24 7 43 0
25 17 64 0 
26 41 46 0 
27 55 34 0 
28 35 16 0 
29 52 26 0 
30 43 26 0 
31 31 76 0 
32 22 53 0 
33 26 29 0 
34 50 40 0 
35 55 50 0 
36 54 10 0 
37 60 15 0 
38 47 66 0 
39 30 60 0 
40 30 50 0 
41 12 17 0 
42 15 14 0 
43 16 19 0 
44 21 48 0 
45 50 30 0 
46 51 42 0 
47 50 15 0 
48 48 21 0 
49 12 38 0 
50 15 56 0 
51 29 39 0 
52 54 38 0 
53 55 57 0 
54 67 41 0 
55 10 70 0 
56 6 25 0
57 65 27 0 
58 40 60 0 
59 70 64 0 
60 64 4 0
61 36 6 0 
62 30 20 0 
63 20 30 0 
64 15 5 0
65 50 70 0 
66 57 72 0 
67 45 42 0 
68 38 33 0 
69 50 4 0
70 66 8 0 
71 59 5 0 
72 35 60 0 
73 27 24 0 
74 40 20 0 
75 40 37 0 
76 40 40 0 